400	1.55682924	0.06319
401	1.559522453	0.063116471
402	1.562215665	0.063042943
403	1.564908878	0.062969414
404	1.567602091	0.062895885
405	1.570295303	0.062822357
406	1.571998972	0.062748828
407	1.573654855	0.0626753
408	1.575310738	0.062601771
409	1.57696662	0.062528242
410	1.578622503	0.062477028
411	1.580278386	0.06243973
412	1.581934268	0.062402432
413	1.583590151	0.062365134
414	1.585246034	0.062327837
415	1.586901916	0.062290539
416	1.588557799	0.062253241
417	1.590213682	0.062215943
418	1.591869564	0.062178645
419	1.593713858	0.062144609
420	1.595574712	0.062121371
421	1.597435566	0.062098892
422	1.59929642	0.062078336
423	1.601157274	0.06205778
424	1.603018129	0.062037224
425	1.604878983	0.062016668
426	1.606739837	0.061996112
427	1.608600691	0.061975556
428	1.610461545	0.061955
429	1.612322399	0.061934444
430	1.61417915	0.061913888
431	1.615980929	0.061893332
432	1.617782709	0.061872776
433	1.619584488	0.06185222
434	1.621386268	0.061831664
435	1.623188047	0.061821929
436	1.624989826	0.06182604
437	1.626791606	0.061830151
438	1.628593385	0.061834262
439	1.630395164	0.061838374
440	1.632196944	0.061842485
441	1.633998723	0.061846596
442	1.635800502	0.061850707
443	1.637602282	0.061854818
444	1.639404061	0.06185893
445	1.64120584	0.061863041
446	1.64300762	0.061867152
447	1.644809399	0.061871263
448	1.646611179	0.061875374
449	1.648412958	0.061895366
450	1.650214737	0.0619262
451	1.652016517	0.061957034
452	1.653818296	0.061987868
453	1.655620075	0.062018703
454	1.657410927	0.062049537
455	1.659183169	0.062080371
456	1.660955411	0.062111205
457	1.662727653	0.062142039
458	1.664499895	0.062172873
459	1.666272137	0.062203707
460	1.668044379	0.062234541
461	1.669816621	0.062265375
462	1.671588863	0.062296209
463	1.673361105	0.062337833
464	1.675133347	0.062383056
465	1.676905589	0.06242828
466	1.678677831	0.062473503
467	1.680450073	0.062518726
468	1.682222315	0.06256395
469	1.683994557	0.062609173
470	1.685766799	0.062654396
471	1.687539041	0.062699619
472	1.689311283	0.062744843
473	1.691083525	0.062790066
474	1.692855767	0.062835289
475	1.694628009	0.062880513
476	1.696400251	0.062925736
477	1.698172493	0.06297282
478	1.699964538	0.063020099
479	1.701766318	0.063067378
480	1.703568097	0.063114657
481	1.705369876	0.063161936
482	1.707171656	0.063209215
483	1.708973435	0.063256494
484	1.710775215	0.063303773
485	1.712576994	0.063351052
486	1.714378773	0.06339833
487	1.716180553	0.063445609
488	1.717982332	0.063492888
489	1.719784111	0.063540167
490	1.721537408	0.063587195
491	1.723280113	0.063630363
492	1.725022818	0.06367353
493	1.726765522	0.063716698
494	1.728508227	0.063759866
495	1.730250932	0.063803033
496	1.731993636	0.063846201
497	1.733736341	0.063889369
498	1.735479045	0.063932536
499	1.73722175	0.063975704
500	1.738964455	0.064018872
501	1.740707159	0.064062039
502	1.742478543	0.064105207
503	1.744250785	0.064148375
504	1.746023027	0.06418887
505	1.747795269	0.064219704
506	1.749567511	0.064250538
507	1.751339753	0.064281372
508	1.753111995	0.064312206
509	1.754884237	0.06434304
510	1.756656479	0.064373875
511	1.758428721	0.064404709
512	1.760200963	0.064435543
513	1.761969625	0.064466377
514	1.76371233	0.064497211
515	1.765455035	0.064528045
516	1.767197739	0.064558879
517	1.768940444	0.064589713
518	1.770683148	0.064608303
519	1.772425853	0.064606248
520	1.774168558	0.064604192
521	1.775911262	0.064602137
522	1.777653967	0.064600081
523	1.779396672	0.064598025
524	1.781139376	0.06459597
525	1.782906134	0.064593914
526	1.78473745	0.064591859
527	1.786568767	0.064589803
528	1.788400084	0.064587747
529	1.7902314	0.064585692
530	1.792062717	0.064583636
531	1.793894034	0.064581581
532	1.795725351	0.064550228
533	1.797556667	0.064492671
534	1.799387984	0.064435114
535	1.801219301	0.064377557
536	1.803050618	0.06432
537	1.804857023	0.064262444
538	1.806629265	0.064204887
539	1.808401507	0.06414733
540	1.810173749	0.064089773
541	1.811945991	0.064032216
542	1.813718233	0.063974659
543	1.815490475	0.063917102
544	1.817262717	0.063859545
545	1.819034959	0.063801988
546	1.820807201	0.063689359
547	1.822579443	0.063551222
548	1.824351685	0.063413086
549	1.826107034	0.063274949
550	1.827849738	0.063136812
551	1.829592443	0.062998676
552	1.831335148	0.062860539
553	1.833077852	0.062722403
554	1.834820557	0.062584266
555	1.836563261	0.062446129
556	1.838305966	0.062307993
557	1.840048671	0.062169856
558	1.841791375	0.06203172
559	1.84353408	0.061809098
560	1.845276785	0.061585859
561	1.847083483	0.061362621
562	1.8489148	0.061139382
563	1.850746117	0.060916143
564	1.852577434	0.060692905
565	1.85440875	0.060469666
566	1.856240067	0.060246428
567	1.858071384	0.060023189
568	1.8599027	0.059756967
569	1.861734017	0.059477405
570	1.863565334	0.059197843
571	1.865396651	0.058918281
572	1.867227967	0.058638719
573	1.869007745	0.058359157
574	1.870779987	0.058079594
575	1.872552229	0.057772374
576	1.874324471	0.057459922
577	1.876096713	0.05714747
578	1.877868955	0.056835018
579	1.879641197	0.056522567
580	1.881413439	0.056210115
581	1.883185681	0.055897663
582	1.884957923	0.055554994
583	1.886730165	0.055209652
584	1.888500398	0.054864311
585	1.890184028	0.05451897
586	1.891867658	0.054173628
587	1.893551287	0.053828287
588	1.895234917	0.053482945
589	1.896918547	0.053153992
590	1.898602177	0.052825095
591	1.900285807	0.052496199
592	1.901969437	0.052167302
593	1.903653067	0.051838406
594	1.905336697	0.051509509
595	1.907020327	0.051166552
596	1.908709064	0.05064854
597	1.910422232	0.050130527
598	1.912135399	0.049612515
599	1.913848566	0.049258741
600	1.915561733	0.049008544
601	1.917274901	0.048758348
602	1.918988068	0.048508152
603	1.920701235	0.048257955
604	1.922414402	0.048007759
605	1.92412757	0.047757563
606	1.925840737	0.047507366
607	1.927553904	0.047250543
608	1.929257526	0.046988013
609	1.930941156	0.046725483
610	1.932624785	0.046462953
611	1.934308415	0.046200423
612	1.935992045	0.045937893
613	1.937675675	0.045675363
614	1.939359305	0.045412833
615	1.941042935	0.045184369
616	1.942726565	0.044995665
617	1.944410195	0.04480696
618	1.946093825	0.044618256
619	1.947777454	0.044429552
620	1.949433117	0.044240847
621	1.951057672	0.044052143
622	1.952682227	0.043863438
623	1.954306782	0.043674734
624	1.955931338	0.043486029
625	1.957555893	0.043297325
626	1.959180448	0.043108621
627	1.960805003	0.043006949
628	1.962429558	0.042912392
629	1.964054113	0.042817834
630	1.965678669	0.042723276
631	1.967303224	0.042628718
632	1.968852418	0.042534161
633	1.970356138	0.042439603
634	1.971859859	0.042345045
635	1.973363579	0.042250487
636	1.9748673	0.042155929
637	1.97637102	0.042061372
638	1.977874741	0.041966814
639	1.979378461	0.041872256
640	1.980882182	0.041784444
641	1.982385902	0.041774166
642	1.983889623	0.041763888
643	1.985393343	0.04175361
644	1.986897064	0.041743332
645	1.98838497	0.041733054
646	1.989861838	0.041722776
647	1.991338706	0.041712498
648	1.992815575	0.04170222
649	1.994292443	0.041691942
650	1.995769311	0.041681664
651	1.99724618	0.041671386
652	1.998723048	0.041661108
653	2.000199916	0.04165083
654	2.001676785	0.041647333
655	2.003153653	0.041665834
656	2.004630521	0.041684334
657	2.00610739	0.041702835
658	2.007584258	0.041721335
659	2.009061126	0.041739835
660	2.010537995	0.041758336
661	2.012014863	0.041776836
662	2.013491731	0.041795337
663	2.0149686	0.041813837
664	2.016445468	0.041832338
665	2.017922336	0.041850838
666	2.019399205	0.041869338
667	2.020876073	0.041887839
668	2.022352941	0.041916794
669	2.02382981	0.041962018
670	2.025306678	0.042007241
671	2.026783546	0.042052464
672	2.028260414	0.042097687
673	2.029709677	0.042142911
674	2.031001936	0.042188134
675	2.032294196	0.042233357
676	2.033586456	0.042278581
677	2.034878716	0.042323804
678	2.036170976	0.042369027
679	2.037463235	0.04241425
680	2.038755495	0.042459474
681	2.040047755	0.042504697
682	2.041340015	0.042548796
683	2.042632274	0.042591964
684	2.043924534	0.042635132
685	2.045216794	0.042678299
686	2.046509054	0.042721467
687	2.047801314	0.042764635
688	2.049093573	0.042807802
689	2.050385833	0.04285097
690	2.051678093	0.042894138
691	2.052970353	0.042937305
692	2.054262613	0.042980473
693	2.055554872	0.043023641
694	2.056847132	0.043066808
695	2.058139392	0.043109976
696	2.059431652	0.043154588
697	2.060723911	0.043199811
698	2.062016171	0.043245034
699	2.063308431	0.043290257
700	2.064600691	0.043335481
701	2.065892951	0.043380704
702	2.067126945	0.043425927
703	2.068337157	0.043471151
704	2.069547368	0.043516374
705	2.07075758	0.043561597
706	2.071967791	0.04360682
707	2.073178003	0.043652044
708	2.074388214	0.043697267
709	2.075598426	0.04374249
710	2.076808637	0.043784186
711	2.078018849	0.043825298
712	2.079229061	0.04386641
713	2.080439272	0.043907522
714	2.081649484	0.043948634
715	2.082859695	0.043989746
716	2.083999488	0.044030859
717	2.085066115	0.044071971
718	2.086132743	0.044113083
719	2.08719937	0.044154195
720	2.088265997	0.044195307
721	2.089332624	0.044236419
722	2.090399251	0.044277531
723	2.091465878	0.044318643
724	2.092532505	0.044359755
725	2.093599132	0.044400867
726	2.09466576	0.044441979
727	2.095732387	0.044483091
728	2.096799014	0.044524203
729	2.097865641	0.044565316
730	2.098915608	0.044606428
731	2.099920699	0.04464754
732	2.10092579	0.044688652
733	2.101930881	0.044729764
734	2.102935972	0.044770876
735	2.103941063	0.044811988
736	2.104946154	0.0448531
737	2.105951245	0.044891777
738	2.106956336	0.0449185
739	2.107961427	0.044945223
740	2.108966518	0.044971946
741	2.109971609	0.044998668
742	2.1109767	0.045025391
743	2.111981791	0.045052114
744	2.112981648	0.045078837
745	2.113884179	0.04510556
746	2.114786709	0.045132283
747	2.11568924	0.045159006
748	2.116591771	0.045185728
749	2.117494301	0.045212451
750	2.118396832	0.045239174
751	2.119299363	0.045263226
752	2.120201893	0.045281727
753	2.121104424	0.045300227
754	2.122006955	0.045318727
755	2.122909485	0.045337228
756	2.123812016	0.045355728
757	2.124714547	0.045374229
758	2.125617077	0.045392729
759	2.126434347	0.04541123
760	2.127234317	0.04542973
761	2.128034288	0.04544823
762	2.128834258	0.045466731
763	2.129634228	0.045485231
764	2.130434199	0.045503732
765	2.131234169	0.045518282
766	2.132034139	0.04552856
767	2.13283411	0.045538838
768	2.13363408	0.045549116
769	2.13443405	0.045559394
770	2.135234021	0.045569672
771	2.136033991	0.04557995
772	2.136833961	0.045590228
773	2.137558658	0.045600506
774	2.138235556	0.045610784
775	2.138912454	0.045621062
776	2.139589352	0.04563134
777	2.14026625	0.045641618
778	2.140943148	0.045651896
779	2.141620046	0.045659559
780	2.142296944	0.045665726
781	2.142973842	0.045671893
782	2.14365074	0.04567806
783	2.144327638	0.045684227
784	2.145004536	0.045690394
785	2.145681434	0.04569656
786	2.146358332	0.045702727
787	2.146995034	0.045708894
788	2.147569372	0.045715061
789	2.148143709	0.045721228
790	2.148718047	0.045727394
791	2.149292385	0.045733561
792	2.149866722	0.045739728
793	2.15044106	0.045741013
794	2.151015398	0.045741013
795	2.151589736	0.045741013
796	2.152164073	0.045741013
797	2.152738411	0.045741013
798	2.153312749	0.045741013
799	2.153887086	0.045741013
800	2.154461424	0.045741013
801	2.155014566	0.045741013
802	2.155465832	0.045741013
803	2.155917097	0.045741013
804	2.156368362	0.045741013
805	2.156819628	0.045741013
806	2.157270893	0.045741013
807	2.157722158	0.045739066
808	2.158173424	0.04573701
809	2.158624689	0.045734955
810	2.159075954	0.045732899
811	2.15952722	0.045730844
812	2.159978485	0.045728788
813	2.16042975	0.045726732
814	2.160881016	0.045724677
815	2.161332281	0.045722621
816	2.161685856	0.045720566
817	2.162034561	0.04571851
818	2.162383266	0.045716454
819	2.162731971	0.045714399
820	2.163080676	0.045711498
821	2.163429381	0.04570122
822	2.163778086	0.045690942
823	2.164126791	0.045680664
824	2.164475496	0.045670386
825	2.164824201	0.045660108
826	2.165172906	0.04564983
827	2.165521611	0.045639552
828	2.165870316	0.045629274
829	2.166219021	0.045618996
830	2.166477537	0.045608718
831	2.16670317	0.04559844
832	2.166928802	0.045588162
833	2.167154435	0.045577884
834	2.167380068	0.045570261
835	2.1676057	0.045570261
836	2.167831333	0.045570261
837	2.168056966	0.045570261
838	2.168282598	0.045570261
839	2.168508231	0.045570261
840	2.168733864	0.045570261
841	2.168959496	0.045570261
842	2.169185129	0.045570261
843	2.169410762	0.045570261
844	2.169573244	0.045570261
845	2.169675805	0.045570261
846	2.169778365	0.045570261
847	2.169880925	0.045570261
848	2.169983486	0.045571964
849	2.170086046	0.045576075
850	2.170188606	0.045580186
851	2.170291167	0.045584297
852	2.170393727	0.045588408
853	2.170496287	0.04559252
854	2.170598847	0.045596631
855	2.170701408	0.045600742
856	2.170803968	0.045604853
857	2.170906528	0.045608964
858	2.170972978	0.045613076
859	2.170952466	0.045617187
860	2.170931954	0.045621298
861	2.170911442	0.045625409
862	2.17089093	0.045638887
863	2.170870418	0.045659444
864	2.170849906	0.04568
865	2.170829394	0.045700556
866	2.170808882	0.045721112
867	2.17078837	0.045741668
868	2.170767858	0.045762224
869	2.170747345	0.04578278
870	2.170726833	0.045803336
871	2.170706321	0.045823892
872	2.170679762	0.045844448
873	2.170577202	0.045865004
874	2.170474641	0.04588556
875	2.170372081	0.045906116
876	2.170269521	0.045941579
877	2.17016696	0.045982691
878	2.1700644	0.046023803
879	2.16996184	0.046064916
880	2.169859279	0.046106028
881	2.169756719	0.04614714
882	2.169654159	0.046188252
883	2.169551599	0.046229364
884	2.169449038	0.046270476
885	2.169346478	0.046311588
886	2.169243918	0.0463527
887	2.169036253	0.046393812
888	2.16881062	0.046434924
889	2.168584988	0.046476036
890	2.168359355	0.046529822
891	2.168133722	0.046585324
892	2.16790809	0.046640825
893	2.167682457	0.046696326
894	2.167456824	0.046751828
895	2.167231192	0.046807329
896	2.167005559	0.04686283
897	2.166779926	0.046918332
898	2.166554294	0.046973833
899	2.166328661	0.047029334
900	2.166103028	0.047084835
901	2.165812342	0.047140337
902	2.165484149	0.047195838
903	2.165155956	0.047251713
904	2.164827763	0.047317493
905	2.16449957	0.047383272
906	2.164171377	0.047449051
907	2.163843184	0.047514831
908	2.163514991	0.04758061
909	2.163186798	0.047646389
910	2.162858605	0.047712169
911	2.162530412	0.047777948
912	2.162202219	0.047843727
913	2.161874026	0.047909507
914	2.161545833	0.047975286
915	2.161200631	0.048041065
916	2.160831414	0.048106845
917	2.160462197	0.048170651
918	2.16009298	0.048226152
919	2.159723763	0.048281653
920	2.159354546	0.048337154
921	2.158985329	0.048392656
922	2.158616112	0.048448157
923	2.158246895	0.048503658
924	2.157877678	0.04855916
925	2.157508461	0.048614661
926	2.157139244	0.048670162
927	2.156770027	0.048725664
928	2.156400809	0.048781165
929	2.156007606	0.048836666
930	2.155515316	0.048892168
931	2.155023027	0.048948383
932	2.154530738	0.04900594
933	2.154038448	0.049063497
934	2.153546159	0.049121054
935	2.153053869	0.049178611
936	2.15256158	0.049236168
937	2.15206929	0.049293725
938	2.151577001	0.049351282
939	2.151084711	0.049408839
940	2.150592422	0.049466395
941	2.150100133	0.049523952
942	2.149607843	0.049581509
943	2.149115554	0.049639066
944	2.148603261	0.049696623
945	2.148090459	0.049756249
946	2.147577658	0.049817917
947	2.147064856	0.049879585
948	2.146552055	0.049941253
949	2.146039253	0.050002921
950	2.145526452	0.050064589
951	2.14501365	0.050126257
952	2.144500849	0.050187926
953	2.143988047	0.050249594
954	2.143475246	0.050311262
955	2.142962444	0.05037293
956	2.142449643	0.050434598
957	2.141936841	0.050496266
958	2.141408543	0.050557934
959	2.14087523	0.050622311
960	2.140341916	0.05068809
961	2.139808603	0.050753869
962	2.139275289	0.050819649
963	2.138741975	0.050885428
964	2.138208662	0.050951207
965	2.137675348	0.051016987
966	2.137142035	0.051082766
967	2.136608721	0.051148545
968	2.136075408	0.051214325
969	2.135542094	0.051280104
970	2.13500878	0.051345883
971	2.134475467	0.051411663
972	2.133909183	0.051477442
973	2.133314333	0.051551592
974	2.132719483	0.051627649
975	2.132124634	0.051703706
976	2.131529784	0.051779764
977	2.130934934	0.051855821
978	2.130340084	0.051931878
979	2.129745235	0.052007936
980	2.129150385	0.052083993
981	2.128555535	0.05216005
982	2.127960685	0.052236108
983	2.127365836	0.052312165
984	2.126770986	0.052388222
985	2.126176136	0.05246428
986	2.125574803	0.052540337
987	2.124959441	0.052620382
988	2.124344079	0.052700551
989	2.123728717	0.052780719
990	2.123113356	0.052860888
991	2.122497994	0.052941056
992	2.121882632	0.053021225
993	2.12126727	0.053101393
994	2.120651908	0.053181562
995	2.120036547	0.05326173
996	2.119421185	0.053341899
997	2.118805823	0.053422068
998	2.118190461	0.053502236
999	2.117575099	0.053582405
1000	2.116961715	0.053662315
1001	2.116366865	0.053740428
1002	2.115772015	0.053818541
1003	2.115177165	0.053896654
1004	2.114582316	0.053974767
1005	2.113987466	0.05405288
1006	2.113392616	0.054130993
1007	2.112797766	0.054209106
1008	2.112202917	0.054287219
1009	2.111608067	0.054365332
1010	2.111013217	0.054443444
1011	2.110418368	0.054521557
1012	2.109823518	0.05459967
1013	2.109228668	0.054677783
1014	2.108633818	0.054756474
1015	2.108056951	0.054836643
1016	2.107482613	0.054916811
1017	2.106908276	0.05499698
1018	2.106333938	0.055077148
1019	2.1057596	0.055157317
1020	2.105185263	0.055237486
1021	2.104610925	0.055317654
1022	2.104036587	0.055397823
1023	2.10346225	0.055477991
1024	2.102887912	0.05555816
1025	2.102313574	0.055638328
1026	2.101739237	0.055718497
1027	2.101164899	0.055798665
1028	2.100590561	0.055877936
1029	2.1000297	0.055956049
1030	2.099475874	0.056034162
1031	2.098922048	0.056112275
1032	2.098368223	0.056190388
1033	2.097814397	0.056268501
1034	2.097260571	0.056346614
1035	2.096706746	0.056424727
1036	2.09615292	0.05650284
1037	2.095599095	0.056580953
1038	2.095045269	0.056659066
1039	2.094491443	0.056737178
1040	2.093937618	0.056815291
1041	2.093383792	0.056893404
1042	2.092829967	0.056969082
1043	2.09228511	0.057043084
1044	2.091751797	0.057117085
1045	2.091218483	0.057191087
1046	2.09068517	0.057265089
1047	2.090151856	0.057339091
1048	2.089618543	0.057413092
1049	2.089085229	0.057487094
1050	2.088551915	0.057561096
1051	2.088018602	0.057635098
1052	2.087485288	0.057709099
1053	2.086951975	0.057783101
1054	2.086418661	0.057857103
1055	2.085885348	0.057931104
1056	2.085352034	0.058008181
1057	2.084827646	0.058086294
1058	2.084335357	0.058164407
1059	2.083843067	0.05824252
1060	2.083350778	0.058320633
1061	2.082858489	0.058398746
1062	2.082366199	0.058476859
1063	2.08187391	0.058554972
1064	2.08138162	0.058633085
1065	2.080889331	0.058711198
1066	2.080397041	0.058789311
1067	2.079904752	0.058867424
1068	2.079412462	0.058945537
1069	2.078920173	0.05902365
1070	2.078427884	0.059094333
1071	2.077935594	0.059164223
1072	2.07750471	0.059234114
1073	2.077073957	0.059304005
1074	2.076643204	0.059373895
1075	2.07621245	0.059443786
1076	2.075781697	0.059513676
1077	2.075350944	0.059583567
1078	2.07492019	0.059653457
1079	2.074489437	0.059723348
1080	2.074058684	0.059793238
1081	2.073627931	0.059863129
1082	2.073197177	0.059933019
1083	2.072766424	0.060003153
1084	2.072335671	0.060077155
1085	2.071904918	0.060151157
1086	2.071506088	0.060225158
1087	2.071116359	0.06029916
1088	2.07072663	0.060373162
1089	2.070336901	0.060447164
1090	2.069947172	0.060521165
1091	2.069557442	0.060595167
1092	2.069167713	0.060669169
1093	2.068777984	0.06074317
1094	2.068388255	0.060817172
1095	2.067998526	0.060891174
1096	2.067608797	0.060965176
1097	2.067219068	0.061039177
1098	2.066829338	0.061113179
1099	2.066439609	0.061187181
1100	2.066072791	0.061261183
1101	2.065724086	0.061335184
1102	2.065375381	0.061409186
1103	2.065026676	0.061483188
1104	2.064677971	0.06155719
1105	2.064329266	0.061631191
1106	2.063980561	0.061705193
1107	2.063631856	0.061779195
1108	2.063283151	0.061853196
1109	2.062934446	0.061927198
1110	2.062585741	0.0620012
1111	2.062237036	0.06207444
1112	2.061888331	0.062146387
1113	2.061539626	0.062218333
1114	2.061211767	0.062290279
1115	2.060924598	0.062362225
1116	2.060637429	0.062434171
1117	2.060350261	0.062506117
1118	2.060063092	0.062578063
1119	2.059775923	0.062650009
1120	2.059488754	0.062721956
1121	2.059201585	0.062793902
1122	2.058914416	0.062865848
1123	2.058627247	0.062937794
1124	2.058340079	0.06300974
1125	2.05805291	0.063079524
1126	2.057765741	0.063147359
1127	2.057478572	0.063215194
1128	2.057193846	0.063283029
1129	2.056927189	0.063350864
1130	2.056660532	0.063418699
1131	2.056393875	0.063486533
1132	2.056127218	0.063554368
1133	2.055860562	0.063622203
1134	2.055593905	0.063690038
1135	2.055327248	0.063757873
1136	2.055060591	0.063825708
1137	2.054793934	0.063893543
1138	2.054527278	0.063961378
1139	2.054260621	0.064030614
1140	2.053993964	0.064100504
1141	2.053727307	0.064170395
1142	2.053460651	0.064240285
1143	2.053267785	0.064310176
1144	2.053083176	0.064380066
1145	2.052898568	0.064449957
1146	2.052713959	0.064519848
1147	2.052529351	0.064589738
1148	2.052344742	0.064659629
1149	2.052160134	0.064729519
1150	2.051975525	0.06479941
1151	2.051790917	0.0648693
1152	2.051606308	0.064939191
1153	2.051421699	0.065010802
1154	2.051237091	0.065082748
1155	2.051052482	0.065154694
1156	2.050867874	0.065226641
1157	2.050641442	0.065298587
1158	2.050395297	0.065370533
1159	2.050149152	0.065442479
1160	2.049903007	0.065514425
1161	2.049656863	0.065586371
1162	2.049410718	0.065658317
1163	2.049164573	0.065730263
1164	2.048918429	0.06580221
1165	2.048672284	0.065874156
1166	2.048426139	0.065946102
1167	2.048179994	0.066009885
1168	2.04793385	0.066073609
1169	2.047687705	0.066137333
1170	2.04744156	0.066201056
1171	2.047270893	0.06626478
1172	2.047188845	0.066328504
1173	2.047106796	0.066392227
1174	2.047024748	0.066455951
1175	2.0469427	0.066519675
1176	2.046860652	0.066583399
1177	2.046778603	0.066647122
1178	2.046696555	0.066710846
1179	2.046614507	0.06677457
1180	2.046532459	0.066836858
1181	2.046450411	0.066890904
1182	2.046368362	0.06694495
1183	2.046286314	0.066998996
1184	2.046204266	0.067053043
1185	2.046124189	0.067107089
1186	2.046050345	0.067161135
1187	2.045976502	0.067215181
1188	2.045902659	0.067269227
1189	2.045828815	0.067323274
1190	2.045754972	0.06737732
1191	2.045681128	0.067431366
1192	2.045607285	0.067485412
1193	2.045533441	0.067539459
1194	2.045459598	0.067593505
1195	2.045385755	0.067648781
1196	2.045311911	0.067705391
1197	2.045934359	0.067762001
1198	2.047643577	0.067818611
1199	2.049352796	0.067875221
1200	2.051062014	0.06793183
