0.365	2.1841804847968 0
0.4114	2.1574025481138 0
0.4577	2.1394575060936 0
0.5041	2.1267014041812 0
0.5504	2.1172912676988 0
0.5968	2.1100852529589 0
0.6431	2.1044393380249 0
0.6895	2.0998924594515 0
0.7358	2.0961722948576 0
0.7822	2.0930600897515 0
0.8285	2.090425506361 0
0.8749	2.088152214123 0
0.9212	2.0861722859878 0
0.9676	2.0844182443376 0
1.014	2.082849329122 0
1.06	2.0814419404044 0
1.107	2.0801278882406 0
1.153	2.0789410965585 0
1.199	2.0778350086371 0
1.246	2.0767735202486 0
1.292	2.0757899912192 0
1.338	2.0748515823082 0
1.385	2.0739310750334 0
1.431	2.0730608281267 0
1.477	2.0722152406354 0
1.524	2.0713717599287 0
1.57	2.0705621184241 0
1.616	2.069764667715 0
1.663	2.0689593301784 0
1.709	2.0681777113659 0
1.756	2.0673834439264 0
1.802	2.0666083036226 0
1.848	2.0658336113486 0
1.895	2.0650409442769 0
1.941	2.0642626513716 0
1.987	2.0634806813198 0
2.034	2.062676799089 0
2.08	2.0618842372911 0
2.126	2.0610850892925 0
2.173	2.0602609627959 0
2.219	2.0594462175574 0
2.265	2.0586227712438 0
2.312	2.0577718413586 0
2.358	2.05692910654 0
2.404	2.0560760883211 0
2.451	2.0551934507503 0
2.497	2.0543183440779 0
2.543	2.0534317368313 0
2.59	2.0525136211314 0
2.636	2.0516027424431 0
2.683	2.0506591879142 0 
2.729	2.0497228283055 0
2.775	2.0487734667738 0
2.822	2.0477897862431 0
2.868	2.0468134134869 0
2.914	2.0458233489108 0
2.961	2.0447974077752 0
3.007	2.0437790501883 0
3.053	2.0427464152076 0
3.1	2.0416764022751 0
3.146	2.0406143722814 0
3.192	2.0395375549476 0
3.239	2.0384218934208 0
3.285	2.0373147094956 0
3.331	2.0361922831209 0
3.378	2.0350295661311 0
3.424	2.0338758959504 0
3.47	2.0327065677312 0
3.517	2.0314955108653 0
3.563	2.0302941292126 0
3.61	2.0290500570489 0
3.656	2.027816107762 0
3.702	2.0265658648612 0
3.749	2.0252714889933 0
3.795	2.0239879390445 0
3.841	2.0226877363602 0
3.888	2.0213419473704 0
3.934	2.0200077217477 0
3.98	2.0186564931956 0
4.027	2.0172582093651 0
4.073	2.0158722552198 0
4.119	2.0144689523404 0
4.166	2.0130171056012 0
4.212	2.0115783794745 0
4.258	2.0101219595334 0
4.305	2.0086154841282 0
4.351	2.0071229415781 0
4.397	2.0056123578437 0
4.444	2.0040501810029 0
4.49	2.0025027680215 0
4.537	2.0009027172461 0
4.583	1.9993179957983 0
4.629	1.9977146415714 0 
4.676	1.9960570624576 0
4.722	1.9944156708052 0
4.768	1.992755281476 0
4.815	1.9910390472274 0
4.861	1.9893398729954 0
4.907	1.9876213261775 0
4.954	1.9858452791071 0
5	1.9840871780389 0